% This file contains a brief summary of the land-surface average results 
% produced by the Berkeley Averaging method.  Temperatures are in 
% Celsius and reported as anomalies relative to the Jan 1951-Dec 1980
% average. Uncertainties represent the 95% confidence interval for 
% statistical and spatial undersampling effects.
% 
% The current dataset presented here is described as: 
% 
%   Estimated Global Land-Surface TAVG based on the Complete Berkeley Dataset
% 
% 
% This analysis was run on 13-Jan-2020 17:22:52
% 
% Results are based on 50985 time series 
%   with 20574845 data points
% 
% Estimated Jan 1951-Dec 1980 absolute temperature (C): 8.64 +/- 0.07
% 
% 
% 
% Year, Annual Anomaly, Annual Unc., Five-year Anomaly, Five-year Unc.
 
  1750      -0.967        0.962              NaN             NaN
  1752      -0.058        1.183              NaN             NaN
  1753      -0.393        1.011              NaN             NaN
  1754       0.038        1.665           -0.122           0.985
  1755      -0.180        1.604           -0.049           1.164
  1756      -0.016        1.190           -0.411           1.102
  1757       0.305        1.824           -0.615           0.925
  1758      -2.202        1.395           -0.955           0.864
  1759      -0.984        1.077           -0.994           0.976
  1760      -1.876        1.855           -1.130           1.125
  1761      -0.213        1.441           -0.974           1.047
  1762      -0.373        1.217           -0.949           1.014
  1763      -1.422        1.092           -0.719           0.829
  1764      -0.861        1.153           -0.770           0.819
  1765      -0.724        1.186           -0.830           0.751
  1766      -0.472        1.975           -0.964           0.942
  1767      -0.673        0.906           -1.048           0.978
  1768      -2.089        1.690           -1.157           0.939
  1769      -1.281        0.922           -1.295           0.801
  1770      -1.272        0.995           -1.303           0.926
  1771      -1.158        1.262           -0.975           0.842
  1772      -0.712        1.063           -0.703           0.763
  1773      -0.453        1.257           -0.398           0.883
  1774       0.079        1.046           -0.297           0.806
  1775       0.252        1.535           -0.269           0.920
  1776      -0.654        1.068           -0.189           0.798
  1777      -0.569        1.750           -0.181           0.803
  1778      -0.056        0.836           -0.140           0.722
  1779       0.119        1.735           -0.107           0.597
  1780       0.461        2.010           -0.125           0.537
  1781      -0.489        0.928           -0.292           0.536
  1782      -0.662        1.115           -0.496           0.623
  1783      -0.891        0.987           -0.812           0.568
  1784      -0.898        1.193           -0.780           0.826
  1785      -1.122        0.927           -0.772           0.783
  1786      -0.327        1.268           -0.643           0.576
  1787      -0.622        0.856           -0.509           0.399
  1788      -0.245        1.161           -0.404           0.330
  1789      -0.231        0.579           -0.429           0.369
  1790      -0.594        0.612           -0.405           0.380
  1791      -0.453        1.186           -0.418           0.603
  1792      -0.501        0.760           -0.358           0.729
  1793      -0.310        1.268           -0.217           0.759
  1794       0.066        1.144           -0.188           0.670
  1795       0.112        0.766           -0.089           0.628
  1796      -0.308        0.779           -0.065           0.518
  1797      -0.006        0.721           -0.171           0.381
  1798      -0.188        0.587           -0.263           0.412
  1799      -0.464        0.997           -0.204           0.507
  1800      -0.349        0.922           -0.219           0.656
  1801      -0.013        0.991           -0.204           0.891
  1802      -0.078        0.983           -0.087           0.837
  1803      -0.117        1.253           -0.024           0.712
  1804       0.122        0.686           -0.065           0.676
  1805      -0.031        0.679           -0.131           0.603
  1806      -0.221        0.871           -0.302           0.624
  1807      -0.406        0.729           -0.617           0.733
  1808      -0.972        1.207           -0.916           0.867
  1809      -1.454        1.149           -1.170           0.828
  1810      -1.528        1.044           -1.387           0.847
  1811      -1.490        0.671           -1.371           0.669
  1812      -1.490        0.897           -1.270           0.544
  1813      -0.891        0.869           -1.235           0.466
  1814      -0.949        0.881           -1.259           0.421
  1815      -1.356        0.607           -1.269           0.392
  1816      -1.611        0.582           -1.247           0.352
  1817      -1.536        0.568           -1.290           0.345
  1818      -0.781        0.741           -1.197           0.335
  1819      -1.167        0.464           -0.997           0.314
  1820      -0.891        0.495           -0.798           0.352
  1821      -0.609        0.467           -0.828           0.330
  1822      -0.541        0.676           -0.619           0.365
  1823      -0.934        0.674           -0.502           0.390
  1824      -0.118        0.514           -0.412           0.449
  1825      -0.310        0.523           -0.261           0.430
  1826      -0.155        0.678           -0.168           0.476
  1827       0.210        0.562           -0.293           0.530
  1828      -0.469        0.842           -0.253           0.614
  1829      -0.740        0.718           -0.423           0.711
  1830      -0.110        0.897           -0.695           0.795
  1831      -1.004        1.211           -0.717           0.780
  1832      -1.154        0.804           -0.663           0.679
  1833      -0.578        0.753           -0.886           0.598
  1834      -0.470        0.467           -0.893           0.473
  1835      -1.223        0.577           -0.926           0.425
  1836      -1.042        0.519           -1.043           0.400
  1837      -1.317        0.563           -1.134           0.434
  1838      -1.160        0.633           -1.062           0.427
  1839      -0.928        0.687           -1.058           0.438
  1840      -0.865        0.519           -0.928           0.459
  1841      -1.021        0.585           -0.801           0.457
  1842      -0.665        0.581           -0.823           0.455
  1843      -0.525        0.482           -0.826           0.440
  1844      -1.041        0.500           -0.654           0.398
  1845      -0.876        0.466           -0.655           0.382
  1846      -0.163        0.507           -0.704           0.382
  1847      -0.669        0.535           -0.652           0.383
  1848      -0.771        0.511           -0.663           0.371
  1849      -0.780        0.466           -0.758           0.393
  1850      -0.930        0.355           -0.774           0.417
  1851      -0.638        0.574           -0.769           0.391
  1852      -0.752        0.527           -0.724           0.355
  1853      -0.745        0.405           -0.657           0.336
  1854      -0.553        0.358           -0.671           0.281
  1855      -0.599        0.333           -0.716           0.288
  1856      -0.707        0.364           -0.685           0.272
  1857      -0.976        0.423           -0.658           0.253
  1858      -0.591        0.312           -0.681           0.259
  1859      -0.415        0.281           -0.703           0.264
  1860      -0.717        0.445           -0.745           0.230
  1861      -0.818        0.322           -0.733           0.219
  1862      -1.186        0.328           -0.791           0.215
  1863      -0.529        0.412           -0.746           0.207
  1864      -0.706        0.297           -0.662           0.199
  1865      -0.490        0.283           -0.479           0.198
  1866      -0.396        0.363           -0.471           0.199
  1867      -0.272        0.317           -0.387           0.212
  1868      -0.491        0.308           -0.396           0.217
  1869      -0.288        0.278           -0.446           0.210
  1870      -0.533        0.273           -0.505           0.193
  1871      -0.644        0.271           -0.488           0.162
  1872      -0.570        0.239           -0.490           0.152
  1873      -0.403        0.196           -0.544           0.154
  1874      -0.301        0.237           -0.532           0.133
  1875      -0.802        0.218           -0.451           0.120
  1876      -0.583        0.143           -0.337           0.112
  1877      -0.165        0.160           -0.381           0.097
  1878       0.168        0.147           -0.345           0.099
  1879      -0.525        0.172           -0.315           0.109
  1880      -0.622        0.178           -0.399           0.102
  1881      -0.432        0.155           -0.571           0.095
  1882      -0.583        0.135           -0.643           0.089
  1883      -0.692        0.136           -0.669           0.092
  1884      -0.885        0.152           -0.735           0.111
  1885      -0.751        0.165           -0.778           0.122
  1886      -0.764        0.197           -0.763           0.130
  1887      -0.797        0.195           -0.661           0.148
  1888      -0.619        0.167           -0.659           0.149
  1889      -0.376        0.210           -0.642           0.127
  1890      -0.741        0.182           -0.608           0.112
  1891      -0.678        0.109           -0.614           0.112
  1892      -0.625        0.128           -0.649           0.093
  1893      -0.651        0.119           -0.608           0.081
  1894      -0.547        0.106           -0.568           0.090
  1895      -0.538        0.105           -0.520           0.084
  1896      -0.480        0.154           -0.489           0.081
  1897      -0.386        0.116           -0.438           0.085
  1898      -0.495        0.129           -0.362           0.085
  1899      -0.289        0.135           -0.293           0.089
  1900      -0.158        0.122           -0.292           0.098
  1901      -0.138        0.144           -0.283           0.090
  1902      -0.381        0.102           -0.344           0.084
  1903      -0.450        0.109           -0.398           0.083
  1904      -0.592        0.121           -0.426           0.075
  1905      -0.427        0.116           -0.491           0.074
  1906      -0.277        0.103           -0.497           0.080
  1907      -0.709        0.100           -0.473           0.080
  1908      -0.477        0.110           -0.476           0.078
  1909      -0.474        0.111           -0.518           0.077
  1910      -0.441        0.108           -0.478           0.079
  1911      -0.489        0.101           -0.455           0.077
  1912      -0.509        0.104           -0.373           0.069
  1913      -0.360        0.106           -0.301           0.067
  1914      -0.066        0.087           -0.291           0.068
  1915      -0.081        0.098           -0.318           0.062
  1916      -0.439        0.108           -0.357           0.060
  1917      -0.645        0.088           -0.405           0.061
  1918      -0.552        0.097           -0.454           0.061
  1919      -0.306        0.095           -0.389           0.057
  1920      -0.328        0.094           -0.315           0.058
  1921      -0.114        0.091           -0.257           0.058
  1922      -0.277        0.096           -0.232           0.060
  1923      -0.260        0.099           -0.196           0.065
  1924      -0.179        0.092           -0.165           0.068
  1925      -0.151        0.098           -0.145           0.068
  1926       0.040        0.104           -0.106           0.070
  1927      -0.174        0.107           -0.162           0.073
  1928      -0.068        0.099           -0.148           0.073
  1929      -0.458        0.098           -0.152           0.072
  1930      -0.082        0.094           -0.119           0.071
  1931       0.020        0.103           -0.180           0.068
  1932      -0.009        0.099           -0.106           0.067
  1933      -0.371        0.095           -0.129           0.067
  1934      -0.086        0.091           -0.166           0.065
  1935      -0.197        0.092           -0.167           0.063
  1936      -0.165        0.086           -0.061           0.060
  1937      -0.018        0.093           -0.033           0.061
  1938       0.159        0.088            0.019           0.062
  1939       0.057        0.096            0.065           0.061
  1940       0.062        0.093            0.076           0.058
  1941       0.068        0.083            0.056           0.056
  1942       0.035        0.086            0.075           0.054
  1943       0.058        0.082            0.041           0.051
  1944       0.151        0.086            0.027           0.050
  1945      -0.107        0.082            0.045           0.049
  1946       0.001        0.076            0.045           0.048
  1947       0.122        0.079           -0.005           0.047
  1948       0.061        0.077           -0.045           0.046
  1949      -0.099        0.079           -0.056           0.044
  1950      -0.310        0.069           -0.086           0.044
  1951      -0.053        0.059           -0.057           0.045
  1952      -0.030        0.077           -0.060           0.044
  1953       0.205        0.078           -0.006           0.041
  1954      -0.111        0.068           -0.072           0.040
  1955      -0.042        0.066           -0.052           0.050
  1956      -0.382        0.049           -0.071           0.047
  1957       0.069        0.120           -0.034           0.046
  1958       0.111        0.042           -0.042           0.043
  1959       0.072        0.021            0.062           0.038
  1960      -0.082        0.033            0.064           0.034
  1961       0.139        0.030            0.082           0.034
  1962       0.081        0.072            0.018           0.036
  1963       0.200        0.047            0.008           0.034
  1964      -0.249        0.037           -0.031           0.030
  1965      -0.129        0.028           -0.040           0.022
  1966      -0.058        0.022           -0.111           0.019
  1967       0.035        0.034           -0.074           0.018
  1968      -0.154        0.025           -0.039           0.016
  1969      -0.066        0.038           -0.037           0.014
  1970       0.049        0.034           -0.074           0.011
  1971      -0.050        0.024            0.017           0.013
  1972      -0.152        0.021           -0.006           0.023
  1973       0.304        0.025            0.003           0.028
  1974      -0.182        0.059           -0.046           0.025
  1975       0.092        0.043            0.027           0.027
  1976      -0.294        0.036           -0.024           0.024
  1977       0.214        0.028            0.028           0.018
  1978       0.050        0.019            0.076           0.020
  1979       0.080        0.034            0.237           0.022
  1980       0.333        0.050            0.194           0.020
  1981       0.509        0.035            0.263           0.016
  1982       0.001        0.020            0.256           0.010
  1983       0.392        0.019            0.193           0.008
  1984       0.045        0.015            0.131           0.012
  1985       0.017        0.009            0.203           0.014
  1986       0.201        0.043            0.238           0.014
  1987       0.359        0.016            0.288           0.012
  1988       0.567        0.016            0.404           0.015
  1989       0.294        0.018            0.475           0.014
  1990       0.600        0.026            0.443           0.014
  1991       0.555        0.026            0.376           0.014
  1992       0.199        0.029            0.396           0.016
  1993       0.233        0.026            0.417           0.017
  1994       0.393        0.028            0.383           0.018
  1995       0.702        0.023            0.454           0.018
  1996       0.388        0.021            0.583           0.019
  1997       0.552        0.025            0.630           0.020
  1998       0.879        0.027            0.601           0.021
  1999       0.629        0.025            0.678           0.024
  2000       0.557        0.027            0.752           0.023
  2001       0.774        0.035            0.752           0.023
  2002       0.921        0.022            0.762           0.022
  2003       0.877        0.027            0.862           0.021
  2004       0.680        0.019            0.885           0.021
  2005       1.060        0.032            0.919           0.024
  2006       0.886        0.029            0.903           0.022
  2007       1.094        0.029            0.945           0.021
  2008       0.798        0.025            0.947           0.022
  2009       0.888        0.028            0.949           0.023
  2010       1.069        0.036            0.906           0.023
  2011       0.897        0.027            0.944           0.024
  2012       0.878        0.035            0.955           0.025
  2013       0.987        0.030            0.981           0.026
  2014       0.942        0.027            1.082           0.029
  2015       1.201        0.038            1.163           0.031
  2016       1.401        0.043            1.190           0.032
  2017       1.285        0.039            1.267           0.034
  2018       1.121        0.038              NaN             NaN
  2019       1.326        0.047              NaN             NaN
