% This file contains a brief summary of the land-surface average results 
% produced by the Berkeley Averaging method.  Temperatures are in 
% Celsius and reported as anomalies relative to the Jan 1951-Dec 1980
% average. Uncertainties represent the 95% confidence interval for 
% statistical and spatial undersampling effects.
% 
% The current dataset presented here is described as: 
% 
%   Estimated Global Land-Surface TMIN based on the Complete Berkeley Dataset
% 
% 
% This analysis was run on 18-Jan-2020 03:04:44
% 
% Results are based on 48063 time series 
%   with 17646157 data points
% 
% Estimated Jan 1951-Dec 1980 absolute temperature (C): 2.91 +/- 0.04
% 
% 
% 
% Year, Annual Anomaly, Annual Unc., Five-year Anomaly, Five-year Unc.
 
  1850      -0.531        1.004           -0.360           1.000
  1851      -0.170        1.123           -0.485           0.927
  1852      -0.713        1.126           -0.540           0.971
  1853      -0.541        0.984           -0.617           0.962
  1854      -0.745        1.042           -0.858           0.994
  1855      -0.916        0.991           -0.862           1.007
  1856      -1.377        1.216           -0.805           1.008
  1857      -0.731        1.122           -0.638           0.884
  1858      -0.254        1.000           -0.520           0.775
  1859       0.088        0.490           -0.328           0.648
  1860      -0.324        0.695           -0.339           0.551
  1861      -0.420        0.609           -0.265           0.470
  1862      -0.782        0.501           -0.384           0.474
  1863       0.112        0.592           -0.379           0.423
  1864      -0.508        0.582           -0.381           0.422
  1865      -0.297        0.486           -0.380           0.462
  1866      -0.433        0.526           -0.520           0.492
  1867      -0.772        0.680           -0.478           0.558
  1868      -0.588        0.595           -0.478           0.582
  1869      -0.298        0.862           -0.547           0.547
  1870      -0.299        0.601           -0.521           0.454
  1871      -0.775        0.419           -0.585           0.384
  1872      -0.644        0.375           -0.690           0.295
  1873      -0.912        0.345           -0.917           0.253
  1874      -0.823        0.346           -0.959           0.285
  1875      -1.431        0.468           -0.903           0.302
  1876      -0.986        0.485           -0.708           0.300
  1877      -0.364        0.372           -0.691           0.294
  1878       0.064        0.327           -0.581           0.263
  1879      -0.737        0.339           -0.476           0.205
  1880      -0.883        0.266           -0.536           0.216
  1881      -0.461        0.273           -0.735           0.227
  1882      -0.664        0.332           -0.831           0.234
  1883      -0.932        0.326           -0.843           0.242
  1884      -1.213        0.296           -0.938           0.241
  1885      -0.946        0.298           -0.998           0.227
  1886      -0.934        0.246           -0.978           0.220
  1887      -0.966        0.262           -0.831           0.236
  1888      -0.832        0.252           -0.848           0.231
  1889      -0.478        0.353           -0.854           0.223
  1890      -1.031        0.235           -0.835           0.219
  1891      -0.965        0.242           -0.856           0.208
  1892      -0.870        0.220           -0.918           0.163
  1893      -0.936        0.192           -0.871           0.141
  1894      -0.790        0.163           -0.837           0.130
  1895      -0.796        0.144           -0.783           0.117
  1896      -0.792        0.180           -0.752           0.094
  1897      -0.602        0.147           -0.689           0.095
  1898      -0.779        0.166           -0.595           0.107
  1899      -0.478        0.174           -0.521           0.129
  1900      -0.323        0.162           -0.540           0.140
  1901      -0.423        0.198           -0.503           0.140
  1902      -0.699        0.172           -0.550           0.136
  1903      -0.592        0.147           -0.594           0.131
  1904      -0.715        0.138           -0.591           0.118
  1905      -0.539        0.152           -0.640           0.120
  1906      -0.408        0.145           -0.673           0.126
  1907      -0.946        0.171           -0.674           0.132
  1908      -0.758        0.168           -0.717           0.135
  1909      -0.717        0.170           -0.771           0.135
  1910      -0.757        0.143           -0.722           0.127
  1911      -0.678        0.155           -0.688           0.121
  1912      -0.698        0.141           -0.593           0.113
  1913      -0.592        0.146           -0.495           0.111
  1914      -0.238        0.133           -0.484           0.111
  1915      -0.269        0.135           -0.527           0.116
  1916      -0.623        0.158           -0.562           0.111
  1917      -0.913        0.155           -0.606           0.113
  1918      -0.767        0.118           -0.644           0.108
  1919      -0.458        0.158           -0.574           0.096
  1920      -0.460        0.134           -0.488           0.088
  1921      -0.272        0.121           -0.427           0.083
  1922      -0.487        0.116           -0.419           0.079
  1923      -0.458        0.114           -0.407           0.082
  1924      -0.417        0.113           -0.386           0.087
  1925      -0.402        0.138           -0.369           0.087
  1926      -0.167        0.111           -0.328           0.086
  1927      -0.402        0.111           -0.369           0.083
  1928      -0.253        0.111           -0.327           0.076
  1929      -0.620        0.101           -0.314           0.077
  1930      -0.194        0.101           -0.265           0.072
  1931      -0.101        0.103           -0.315           0.067
  1932      -0.156        0.092           -0.226           0.066
  1933      -0.502        0.089           -0.257           0.069
  1934      -0.175        0.104           -0.298           0.069
  1935      -0.350        0.104           -0.306           0.070
  1936      -0.307        0.111           -0.192           0.074
  1937      -0.196        0.098           -0.170           0.074
  1938       0.067        0.104           -0.113           0.070
  1939      -0.066        0.094           -0.058           0.065
  1940      -0.065        0.091           -0.030           0.065
  1941      -0.030        0.096           -0.049           0.064
  1942      -0.056        0.106           -0.020           0.068
  1943      -0.028        0.105           -0.049           0.067
  1944       0.078        0.106           -0.075           0.066
  1945      -0.209        0.086           -0.065           0.064
  1946      -0.157        0.091           -0.071           0.060
  1947      -0.009        0.091           -0.123           0.058
  1948      -0.060        0.093           -0.163           0.059
  1949      -0.179        0.096           -0.177           0.055
  1950      -0.410        0.089           -0.208           0.055
  1951      -0.229        0.078           -0.168           0.053
  1952      -0.164        0.090           -0.154           0.052
  1953       0.142        0.082           -0.096           0.054
  1954      -0.110        0.074           -0.132           0.055
  1955      -0.121        0.105           -0.094           0.051
  1956      -0.409        0.075           -0.095           0.054
  1957       0.027        0.034           -0.047           0.051
  1958       0.137        0.053           -0.035           0.039
  1959       0.133        0.064            0.079           0.039
  1960      -0.065        0.031            0.077           0.042
  1961       0.161        0.068            0.082           0.036
  1962       0.020        0.070            0.012           0.039
  1963       0.160        0.031           -0.004           0.041
  1964      -0.215        0.065           -0.054           0.037
  1965      -0.145        0.040           -0.046           0.039
  1966      -0.091        0.057           -0.105           0.040
  1967       0.063        0.048           -0.067           0.034
  1968      -0.139        0.042           -0.026           0.039
  1969      -0.023        0.038           -0.019           0.035
  1970       0.057        0.073           -0.059           0.040
  1971      -0.052        0.036            0.044           0.038
  1972      -0.139        0.064            0.029           0.033
  1973       0.376        0.039            0.041           0.025
  1974      -0.099        0.028           -0.003           0.026
  1975       0.117        0.044            0.080           0.025
  1976      -0.273        0.065            0.026           0.033
  1977       0.279        0.036            0.075           0.037
  1978       0.105        0.070            0.121           0.041
  1979       0.147        0.047            0.296           0.046
  1980       0.348        0.068            0.280           0.055
  1981       0.601        0.063            0.374           0.052
  1982       0.197        0.106            0.388           0.046
  1983       0.576        0.054            0.360           0.040
  1984       0.217        0.034            0.314           0.035
  1985       0.209        0.027            0.366           0.024
  1986       0.370        0.028            0.392           0.018
  1987       0.458        0.037            0.426           0.016
  1988       0.706        0.031            0.529           0.018
  1989       0.387        0.029            0.592           0.012
  1990       0.724        0.023            0.566           0.011
  1991       0.683        0.032            0.493           0.017
  1992       0.330        0.024            0.511           0.022
  1993       0.342        0.047            0.522           0.020
  1994       0.475        0.040            0.477           0.022
  1995       0.778        0.055            0.543           0.022
  1996       0.462        0.024            0.679           0.024
  1997       0.660        0.014            0.730           0.025
  1998       1.020        0.047            0.707           0.025
  1999       0.730        0.038            0.776           0.028
  2000       0.663        0.034            0.828           0.030
  2001       0.807        0.038            0.805           0.027
  2002       0.920        0.037            0.804           0.022
  2003       0.907        0.030            0.904           0.025
  2004       0.722        0.030            0.924           0.022
  2005       1.163        0.037            0.957           0.025
  2006       0.907        0.039            0.936           0.027
  2007       1.085        0.042            0.975           0.029
  2008       0.803        0.034            0.968           0.029
  2009       0.918        0.038            0.975           0.032
  2010       1.128        0.027            0.929           0.030
  2011       0.943        0.052            0.970           0.033
  2012       0.856        0.031            0.980           0.033
  2013       1.007        0.049            1.000           0.034
  2014       0.966        0.042            1.099           0.028
  2015       1.227        0.028            1.184           0.027
  2016       1.437        0.026            1.208           0.024
  2017       1.280        0.026            1.278           0.022
  2018       1.132        0.040              NaN             NaN
  2019       1.314        0.036              NaN             NaN
