% This file contains a brief summary of the land-surface average results 
% produced by the Berkeley Averaging method.  Temperatures are in 
% Celsius and reported as anomalies relative to the Jan 1951-Dec 1980
% average. Uncertainties represent the 95% confidence interval for 
% statistical and spatial undersampling effects.
% 
% The current dataset presented here is described as: 
% 
%   Estimated Global Land-Surface TMAX based on the Complete Berkeley Dataset
% 
% 
% This analysis was run on 16-Jan-2020 07:50:54
% 
% Results are based on 48103 time series 
%   with 17710644 data points
% 
% Estimated Jan 1951-Dec 1980 absolute temperature (C): 14.42 +/- 0.11
% 
% 
% 
% Year, Annual Anomaly, Annual Unc., Five-year Anomaly, Five-year Unc.
 
  1850      -0.830        0.589           -0.883           0.984
  1851      -0.796        1.434           -0.812           0.970
  1852      -1.030        1.289           -0.683           0.846
  1853      -0.368        0.929           -0.648           0.912
  1854      -0.393        0.884           -0.679           0.869
  1855      -0.654        0.896           -0.610           0.902
  1856      -0.948        1.098           -0.592           1.006
  1857      -0.687        1.264           -0.591           1.097
  1858      -0.276        1.377           -0.559           1.101
  1859      -0.388        1.100           -0.434           1.033
  1860      -0.495        0.920           -0.401           0.934
  1861      -0.324        0.751           -0.454           0.795
  1862      -0.521        0.881           -0.489           0.721
  1863      -0.540        1.020           -0.422           0.686
  1864      -0.564        0.720           -0.423           0.704
  1865      -0.163        0.793           -0.411           0.727
  1866      -0.327        0.687           -0.397           0.740
  1867      -0.463        0.876           -0.298           0.730
  1868      -0.468        0.901           -0.296           0.726
  1869      -0.069        0.720           -0.326           0.749
  1870      -0.153        0.766           -0.263           0.678
  1871      -0.480        0.788           -0.230           0.579
  1872      -0.144        0.543           -0.304           0.586
  1873      -0.307        0.470           -0.358           0.520
  1874      -0.436        0.686           -0.363           0.438
  1875      -0.424        0.431           -0.333           0.399
  1876      -0.503        0.373           -0.198           0.365
  1877       0.007        0.403           -0.165           0.311
  1878       0.364        0.326           -0.181           0.282
  1879      -0.271        0.415           -0.152           0.278
  1880      -0.504        0.366           -0.216           0.303
  1881      -0.356        0.351           -0.384           0.352
  1882      -0.314        0.471           -0.472           0.351
  1883      -0.474        0.471           -0.456           0.374
  1884      -0.711        0.391           -0.463           0.390
  1885      -0.423        0.408           -0.486           0.382
  1886      -0.391        0.411           -0.471           0.366
  1887      -0.433        0.421           -0.339           0.355
  1888      -0.398        0.388           -0.344           0.342
  1889      -0.050        0.324           -0.336           0.307
  1890      -0.449        0.321           -0.336           0.275
  1891      -0.348        0.237           -0.366           0.242
  1892      -0.436        0.335           -0.440           0.215
  1893      -0.548        0.215           -0.423           0.200
  1894      -0.418        0.205           -0.428           0.201
  1895      -0.364        0.228           -0.400           0.184
  1896      -0.373        0.244           -0.343           0.170
  1897      -0.296        0.224           -0.285           0.185
  1898      -0.263        0.254           -0.227           0.178
  1899      -0.128        0.258           -0.144           0.173
  1900      -0.075        0.186           -0.104           0.184
  1901       0.041        0.225           -0.119           0.183
  1902      -0.095        0.219           -0.174           0.171
  1903      -0.338        0.229           -0.231           0.186
  1904      -0.404        0.246           -0.277           0.181
  1905      -0.358        0.274           -0.378           0.167
  1906      -0.192        0.224           -0.383           0.172
  1907      -0.598        0.178           -0.371           0.183
  1908      -0.364        0.197           -0.364           0.171
  1909      -0.344        0.223           -0.405           0.171
  1910      -0.323        0.187           -0.343           0.169
  1911      -0.395        0.237           -0.305           0.176
  1912      -0.289        0.190           -0.245           0.171
  1913      -0.176        0.249           -0.175           0.165
  1914      -0.039        0.181           -0.158           0.159
  1915       0.026        0.201           -0.197           0.157
  1916      -0.310        0.197           -0.254           0.156
  1917      -0.484        0.158           -0.292           0.164
  1918      -0.464        0.205           -0.348           0.178
  1919      -0.229        0.227           -0.286           0.181
  1920      -0.252        0.237           -0.226           0.187
  1921       0.002        0.217           -0.173           0.191
  1922      -0.187        0.196           -0.163           0.189
  1923      -0.200        0.203           -0.123           0.174
  1924      -0.178        0.213           -0.116           0.149
  1925      -0.049        0.153           -0.106           0.138
  1926       0.036        0.143           -0.078           0.128
  1927      -0.141        0.135           -0.135           0.128
  1928      -0.059        0.143           -0.147           0.129
  1929      -0.464        0.173           -0.151           0.136
  1930      -0.106        0.153           -0.114           0.138
  1931       0.016        0.160           -0.168           0.142
  1932       0.043        0.144           -0.085           0.134
  1933      -0.329        0.169           -0.087           0.131
  1934      -0.050        0.135           -0.105           0.128
  1935      -0.117        0.139           -0.100           0.129
  1936      -0.074        0.158            0.012           0.121
  1937       0.069        0.146            0.063           0.117
  1938       0.234        0.125            0.118           0.116
  1939       0.203        0.120            0.163           0.110
  1940       0.160        0.132            0.173           0.107
  1941       0.149        0.133            0.165           0.104
  1942       0.120        0.127            0.186           0.103
  1943       0.196        0.112            0.158           0.101
  1944       0.304        0.115            0.148           0.095
  1945       0.021        0.122            0.159           0.091
  1946       0.098        0.113            0.161           0.090
  1947       0.177        0.107            0.107           0.085
  1948       0.207        0.106            0.064           0.076
  1949       0.033        0.092            0.058           0.067
  1950      -0.197        0.089            0.041           0.063
  1951       0.068        0.076            0.053           0.059
  1952       0.095        0.094            0.026           0.058
  1953       0.265        0.096            0.054           0.055
  1954      -0.103        0.078           -0.027           0.053
  1955      -0.056        0.069           -0.039           0.047
  1956      -0.336        0.066           -0.066           0.038
  1957       0.034        0.048           -0.034           0.039
  1958       0.130        0.102           -0.034           0.041
  1959       0.056        0.052            0.065           0.041
  1960      -0.056        0.053            0.094           0.042
  1961       0.161        0.033            0.115           0.030
  1962       0.180        0.065            0.059           0.026
  1963       0.233        0.045            0.052           0.026
  1964      -0.221        0.047            0.011           0.025
  1965      -0.095        0.041           -0.016           0.028
  1966      -0.044        0.043           -0.097           0.026
  1967       0.047        0.030           -0.074           0.024
  1968      -0.170        0.042           -0.042           0.027
  1969      -0.110        0.047           -0.036           0.031
  1970       0.068        0.050           -0.086           0.036
  1971      -0.013        0.043           -0.009           0.032
  1972      -0.203        0.043           -0.043           0.031
  1973       0.211        0.041           -0.052           0.025
  1974      -0.278        0.036           -0.113           0.018
  1975       0.025        0.029           -0.042           0.024
  1976      -0.318        0.047           -0.105           0.030
  1977       0.149        0.054           -0.033           0.039
  1978      -0.103        0.072            0.022           0.045
  1979       0.082        0.059            0.185           0.054
  1980       0.301        0.067            0.137           0.058
  1981       0.497        0.056            0.223           0.038
  1982      -0.093        0.065            0.201           0.025
  1983       0.328        0.037            0.122           0.025
  1984      -0.029        0.023            0.053           0.023
  1985      -0.095        0.058            0.141           0.020
  1986       0.152        0.039            0.185           0.020
  1987       0.351        0.028            0.250           0.019
  1988       0.548        0.045            0.395           0.023
  1989       0.294        0.044            0.464           0.023
  1990       0.629        0.041            0.419           0.022
  1991       0.496        0.022            0.346           0.021
  1992       0.127        0.034            0.365           0.021
  1993       0.182        0.045            0.376           0.025
  1994       0.393        0.037            0.356           0.031
  1995       0.684        0.040            0.432           0.036
  1996       0.396        0.061            0.558           0.035
  1997       0.507        0.053            0.602           0.034
  1998       0.812        0.047            0.570           0.029
  1999       0.613        0.033            0.648           0.030
  2000       0.520        0.030            0.740           0.026
  2001       0.790        0.050            0.757           0.021
  2002       0.967        0.022            0.764           0.021
  2003       0.893        0.024            0.863           0.019
  2004       0.651        0.030            0.891           0.023
  2005       1.013        0.027            0.934           0.024
  2006       0.931        0.056            0.926           0.028
  2007       1.181        0.041            0.979           0.037
  2008       0.856        0.043            0.991           0.041
  2009       0.915        0.061            0.989           0.039
  2010       1.075        0.047            0.940           0.034
  2011       0.918        0.039            0.971           0.033
  2012       0.936        0.024            0.978           0.027
  2013       1.010        0.033            1.007           0.025
  2014       0.952        0.031            1.099           0.027
  2015       1.217        0.033            1.169           0.031
  2016       1.381        0.044            1.192           0.028
  2017       1.283        0.038            1.267           0.028
  2018       1.126        0.035              NaN             NaN
  2019       1.326        0.061              NaN             NaN
